173.!Root
0.000000, 0.000000, 0.000000
7.joint_HipMaster
0.000001, 108.521469, 6.053403
88.!joint_LeftHip
8.571328, -10.032173, -2.408058
89.!joint_LeftKnee
-1.171525, -41.559540, 0.804165
90.!joint_LeftFoot
-1.399613, -43.331478, -5.389178
105.!joint_LeftToe
0.738095, -12.145225, 8.525524
91.!joint_RightHip
-8.571328, -10.032150, -2.408055
92.!joint_RightKnee
1.171520, -41.559521, 0.804584
93.!joint_RightFoot
1.399653, -43.331413, -5.389642
106.!joint_RightToe
-0.738067, -12.144150, 8.524728
165.joint_RightHipD
-8.571328, -10.032150, -2.408055
166.joint_RightKneeD
1.171520, -41.559521, 0.804584
167.joint_RightFootD
1.399653, -43.331413, -5.389642
168.joint_migiashisakiEX
-0.492773, -8.108089, 5.691568
169.joint_LeftHipD
8.571328, -10.032173, -2.408058
170.joint_LeftKneeD
-1.171525, -41.559540, 0.804165
171.joint_LeftFootD
-1.399613, -43.331478, -5.389178
172.joint_hidariashisakiEX
0.492748, -8.108019, 5.691541
8.joint_Torso
0.000011, 0.924042, 0.307585
9.joint_Torso3
0.000008, 8.826469, 0.587108
10.joint_Torso2
0.000025, 14.762764, 0.229557
11.joint_Neck
0.000043, 17.582054, -4.779296
12.joint_Head
0.000022, 7.240295, 0.701563
13.joint_?shita
0.000010, 0.142899, 8.686444
14.joint_?ue
0.000012, 0.736649, 8.689461
15.!joint_Eyes
-0.000102, 28.118057, -2.512811
16.joint_LeftEye
3.818866, 6.091385, 5.678961
17.joint_RightEye
-3.826319, 6.072418, 5.676287
113.joint_kisaki?_0_1
-0.000102, 17.288300, -11.735116
114.joint_kisaki?_1_1
0.000000, -3.858810, 0.000000
115.joint_kisaki?_2_1
0.000000, -3.858810, 0.000000
116.joint_kisaki?_3_1
0.000000, -3.858765, 0.000000
117.joint_kisaki?_4_1
0.000000, -3.858795, 0.000000
118.!joint_kisaki?_5_1
0.000000, -3.858795, 0.000000
119.joint_hidari?_0_1
7.471372, 4.706131, 4.387540
120.joint_hidari?_1_1
0.000000, -3.831436, 0.000000
121.joint_hidari?_2_1
0.000000, -3.831436, 0.000000
122.joint_hidari?_3_1
0.000000, -3.831436, 0.000000
123.!joint_hidari?_4_1
0.000000, -3.831421, 0.000000
124.joint_migi?_0_1
-7.534518, 4.565872, 4.911610
125.joint_migi?_1_1
0.000000, -4.105453, 0.000000
126.joint_migi?_2_1
0.000000, -4.105453, 0.000000
127.joint_migi?_3_1
0.000000, -4.105453, 0.000000
128.!joint_migi?_4_1
0.000000, -4.105453, 0.000000
18.!joint_hidarikataP
2.177306, 14.309334, -4.796117
19.joint_LeftShoulder
2.177306, 14.309334, -4.796117
20.!joint_LeftShoulderC
9.333422, -1.738312, -1.747559
21.joint_LeftArm
9.333422, -1.738312, -1.747559
22.joint_LeftArmTwist
11.007923, -8.304672, -0.412950
26.joint_LeftElbow
18.346539, -13.841110, -1.010295
27.joint_LeftHandTwist
10.121365, -6.925636, 0.423443
31.joint_LeftWrist
16.868938, -11.542732, 0.705739
174.!joint_LeftThumb0M
1.587242, -2.541893, 1.814592
38.joint_LeftThumb1
1.587238, -2.541901, 1.814592
39.joint_LeftThumb2
1.395077, -1.780754, 0.471308
40.!joint_LeftThumbTip
1.658119, -2.096642, 0.608574
34.joint_LeftIndex1
6.895275, -5.065811, 2.146353
41.joint_LeftIndex2
2.499401, -1.485184, -0.097427
42.joint_LeftIndex3
1.745968, -1.184608, -0.122159
43.!joint_LeftIndexTip
1.871807, -1.062431, -0.054643
35.joint_LeftMiddle1
7.152889, -4.867561, 0.199041
44.joint_LeftMiddle2
2.748554, -1.508705, 0.039897
45.joint_LeftMiddle3
1.972549, -1.331642, 0.012765
46.!joint_LeftMiddleTip
2.300724, -1.173477, 0.039096
36.joint_LeftRing1
6.664619, -4.990578, -1.504893
47.joint_LeftRing2
2.740543, -1.501213, 0.047577
48.joint_LeftRing3
2.260395, -1.348099, 0.075806
49.!joint_LeftRingTip
2.032345, -1.001366, -0.001949
37.joint_LeftPinky1
5.839725, -4.905762, -2.995402
50.joint_LeftPinky2
1.795624, -1.538750, -0.151655
51.joint_LeftPinky3
1.342491, -1.145988, 0.017761
52.!joint_LeftPinkyTip
1.555580, -1.113800, -0.085735
32.!joint_LeftDummy
2.451260, -4.087250, 0.000000
33.joint_LeftThumb0
2.361626, -2.848953, 2.307552
28.joint_LeftHandTwist1
5.398064, -3.693672, 0.225837
29.joint_LeftHandTwist2
8.771851, -6.002220, 0.366984
30.!joint_LeftHandTwist3
12.145638, -8.310760, 0.508132
23.joint_LeftArmTwist1
5.946997, -4.486572, -0.223095
24.joint_LeftArmTwist2
9.692410, -7.312210, -0.363600
25.joint_LeftArmTwist3
13.437824, -10.137856, -0.504105
53.!joint_migikataP
-2.177239, 14.309334, -4.796117
54.joint_RightShoulder
-2.177239, 14.309334, -4.796117
55.!joint_RightShoulderC
-9.333434, -1.738235, -1.747561
56.joint_RightArm
-9.333434, -1.738235, -1.747561
57.joint_RightArmTwist
-11.007968, -8.304626, -0.412938
61.joint_RightElbow
-18.346615, -13.841049, -1.010223
62.joint_RightHandTwist
-10.121355, -6.925667, 0.422907
66.joint_RightWrist
-16.868925, -11.542778, 0.704846
175.!joint_RightThumb0M
-1.587307, -2.541939, 1.814470
73.joint_RightThumb1
-1.587307, -2.541946, 1.814470
74.joint_RightThumb2
-1.395119, -1.780739, 0.471229
75.!joint_RightThumbTip
-1.658180, -2.096611, 0.608488
69.joint_RightIndex1
-6.895336, -5.065887, 2.145978
76.joint_RightIndex2
-2.499413, -1.485161, -0.097551
77.joint_RightIndex3
-1.745968, -1.184608, -0.122251
78.!joint_RightIndexTip
-1.871803, -1.062408, -0.054733
70.joint_RightMiddle1
-7.152878, -4.867599, 0.198663
79.joint_RightMiddle2
-2.748566, -1.508713, 0.039760
80.joint_RightMiddle3
-1.972542, -1.331635, 0.012661
81.!joint_RightMiddleTip
-2.300728, -1.173470, 0.038984
71.joint_RightRing1
-6.664551, -4.990578, -1.505256
82.joint_RightRing2
-2.740547, -1.501244, 0.047448
83.joint_RightRing3
-2.260368, -1.348122, 0.075695
84.!joint_RightRingTip
-2.032333, -1.001389, -0.002039
72.joint_RightPinky1
-5.839611, -4.905724, -2.995733
85.joint_RightPinky2
-1.795586, -1.538757, -0.151758
86.joint_RightPinky3
-1.342445, -1.146027, 0.017699
87.!joint_RightPinkyTip
-1.555557, -1.113853, -0.085789
67.!joint_RightDummy
-2.451244, -4.087257, 0.000000
68.joint_RightThumb0
-2.361698, -2.849022, 2.307396
63.joint_RightHandTwist1
-5.835421, -3.992958, 0.243825
64.joint_RightHandTwist2
-9.646566, -6.600784, 0.403069
65.joint_RightHandTwist3
-13.457716, -9.208618, 0.562313
58.joint_RightArmTwist1
-5.947043, -4.486557, -0.223089
59.joint_RightArmTwist2
-9.692491, -7.312210, -0.363591
60.joint_RightArmTwist3
-13.437938, -10.137840, -0.504093
94.!joint_otsu_ichousei
-0.000037, 4.576256, -1.267728
95.!joint_LeftBreastUpper
4.736381, 2.397842, -0.362605
98.!joint_LeftBreastLower
4.929394, -5.613174, -1.091691
99.!joint_LeftBreastLowerTip
0.690741, 0.915871, 9.449455
100.!joint_RightBreastUpper
-4.736381, 2.397842, -0.362605
103.!joint_RightBreastLower
-4.929394, -5.613174, -1.091691
104.!joint_RightBreastLowerTip
-0.690742, 0.915871, 9.449455
96.joint_LeftBreastUpper2
4.715382, 6.696953, 6.690438
97.!joint_LeftBreastTip
0.884285, -7.248901, 0.448970
101.joint_RightBreastUpper2
-4.749105, 6.698143, 6.708476
102.!joint_RightBreastTip
-0.850637, -7.250092, 0.430932
129.joint___0_0
-12.627050, -2.709938, -3.943912
133.joint___1_0
-1.604568, -7.510742, -6.224245
137.joint___2_0
-0.603870, -7.510742, -3.168394
141.joint___3_0
-0.086267, -7.510742, -1.587781
145.joint___4_0
0.086267, -7.510742, -1.060911
149.joint___5_0
0.051761, -7.510750, -1.166286
153.joint___6_0
-0.051761, -7.510746, -1.482409
157.joint___7_0
-0.086267, -7.510746, -1.587783
161.!joint___8_0
0.086267, -7.510742, -1.060909
130.joint___0_1
-4.008870, -2.709938, -9.558348
134.joint___1_1
0.217961, -7.510742, -2.145006
138.joint___2_1
0.082028, -7.510742, -1.633197
142.joint___3_1
0.011719, -7.510742, -1.368468
146.joint___4_1
-0.011719, -7.510742, -1.280225
150.joint___5_1
-0.007031, -7.510750, -1.297874
154.joint___6_1
0.007031, -7.510746, -1.350821
158.joint___7_1
0.011719, -7.510746, -1.368469
162.!joint___8_1
-0.011719, -7.510742, -1.280224
131.joint___0_2
4.008847, -2.709938, -9.558348
135.joint___1_2
-0.217961, -7.510742, -2.145007
139.joint___2_2
-0.082028, -7.510742, -1.633197
143.joint___3_2
-0.011718, -7.510742, -1.368467
147.joint___4_2
0.011718, -7.510742, -1.280225
151.joint___5_2
0.007031, -7.510750, -1.297874
155.joint___6_2
-0.007031, -7.510746, -1.350821
159.joint___7_2
-0.011718, -7.510746, -1.368469
163.!joint___8_2
0.011718, -7.510742, -1.280224
132.joint___0_3
12.627026, -2.709938, -3.943912
136.joint___1_3
1.604568, -7.510742, -6.224245
140.joint___2_3
0.603870, -7.510742, -3.168394
144.joint___3_3
0.086267, -7.510742, -1.587781
148.joint___4_3
-0.086267, -7.510742, -1.060911
152.joint___5_3
-0.051761, -7.510750, -1.166286
156.joint___6_3
0.051761, -7.510746, -1.482409
160.joint___7_3
0.086267, -7.510746, -1.587783
164.!joint___8_3
-0.086267, -7.510742, -1.060909
0.!joint_Actuator
0.000000, 1.356380, 0.000000
1.!joint_Master
0.000000, 1.356380, 0.000000
2.!joint_Center
0.000000, 73.422745, 0.000000
3.!joint_Center2
0.000000, 0.000000, 0.000000
4.!joint_guru^bu
0.000000, 0.000000, 0.000000
5.!joint_guru^bu2
0.000000, 0.000000, 0.000000
6.!joint_Waist
0.000000, 26.928749, -2.274801
107.!IK_LeftHipParent
5.999506, -9.553457, -0.940977
108.!IK_LeftHip
0.000000, 21.769245, 0.000000
109.!IK_LeftToe
0.739808, -12.135919, 8.538619
110.!IK_RightHipParent
-5.999506, -9.553453, -0.940977
111.!IK_RightHip
0.000000, 21.769241, 0.000000
112.!IK_RightToe
-0.739808, -12.135919, 8.538619
